classification_ECG5000_FEDformer_UEA_ftM_sl140_ll48_pl0_dm128_nh8_el3_dl1_df256_expand2_dc4_fc1_ebtimeF_dtTrue_Exp_0  
accuracy:0.9397321428571429
F1:0.5844368394256694

