classification_PhonemeSpectra_FEDformer_UEA_ftM_sl217_ll48_pl0_dm128_nh8_el3_dl1_df256_expand2_dc4_fc1_ebtimeF_dtTrue_Exp_0  
accuracy:0.09615384615384616
F1:0.09247752702267761
