classification_MotorImagery_FEDformer_UEA_ftM_sl3000_ll48_pl0_dm128_nh8_el3_dl1_df256_expand2_dc4_fc1_ebtimeF_dtTrue_Exp_0  
accuracy:0.59375
F1:0.5641950878826679
