classification_SpokenArabicDigits_FEDformer_UEA_ftM_sl93_ll48_pl0_dm128_nh8_el3_dl1_df256_expand2_dc4_fc1_ebtimeF_dtTrue_Exp_0  
accuracy:0.9839154411764706
F1:0.9839179796602892
