classification_FordB_FEDformer_UEA_ftM_sl500_ll48_pl0_dm128_nh8_el3_dl1_df256_expand2_dc4_fc1_ebtimeF_dtTrue_Exp_0  
accuracy:0.6497395833333334
F1:0.6414173761358015