classification_UWaveGestureLibraryAll_FEDformer_UEA_ftM_sl945_ll48_pl0_dm128_nh8_el3_dl1_df256_expand2_dc4_fc1_ebtimeF_dtTrue_Exp_0  
accuracy:0.48551136363636366
F1:0.4365415440073349