classification_FordB_TimesNet_UEA_ftM_sl500_ll48_pl0_dm32_nh8_el2_dl1_df32_expand2_dc4_fc1_ebtimeF_dtTrue_Exp_0  
accuracy:0.7333333333333333
F1:0.733014301497293
