classification_SelfRegulationSCP1_TimesNet_UEA_ftM_sl896_ll48_pl0_dm32_nh8_el3_dl1_df32_expand2_dc4_fc1_ebtimeF_dtTrue_Exp_0  
accuracy:0.8600682593856656
F1:0.8571428571428571
