classification_UWaveGestureLibraryAll_TimesNet_UEA_ftM_sl945_ll48_pl0_dm32_nh8_el2_dl1_df32_expand2_dc4_fc1_ebtimeF_dtTrue_Exp_0  
accuracy:0.9140145170295924
F1:0.913311632355891
